0.07	0.035		0.11	0.36
0.09	0.199		0.58	0.61
0.10	0.257		7.96	0.32
0.13	0.296		15.3	0.91
0.37	0.421		34.5	1.01
1.78	0.560		80.2	1.17
2.38	0.587		117	1.29
4.55	0.647		157	1.46
6.25	0.676		178	1.61
9.31	0.715		185	1.73
16.2	0.776		186	1.81
21.4	0.811		173	2.08
24.4	0.827		143	2.49
62.4	0.981		115	2.95
132	1.21		90.3	3.50
172	1.38		75.6	3.94
188	1.51		65.4	4.40
195	1.69		56.2	5.00
190	1.85		52.7	5.34
185	1.93		50.9	5.61
177	2.04		49.8	5.85
155	2.35		48.9	5.96
135	2.67		48.1	6.21
126	2.87		47.8	6.42
101	3.62 		48.1	6.66
94.1	3.97		50.4	7.86
89.1	4.31		54.8	8.54
84.9	4.71		63.6	9.51
81.8	5.23		85.1	10.6
81.2	5.54		107	11.4
81.3	5.76		107	11.4	
81.7	5.92		107	11.4	
82.4	6.13		107	11.4	
84.5	6.51		107	11.4	
88.9	7.03		107	11.4	
97.7	7.68		107	11.4	
112	8.41			107	11.4
135	9.25			107	11.4
